0.000000000000000000e+00 0.000000000000000000e+00 6.754340000000000000e+05
7.128460000000000000e+05 6.978840000000000000e+05 7.182860000000000000e+05
2.817610000000000000e+05 3.743900000000000000e+04 3.752800000000000000e+04
1.464850000000000000e+05 7.109900000000000000e+04 7.427400000000000000e+04
0.000000000000000000e+00 0.000000000000000000e+00 0.000000000000000000e+00
3.159400000000000000e+04 1.044200000000000000e+04 1.074300000000000000e+04
1.095100000000000000e+04 1.074500000000000000e+04 1.120100000000000000e+04
4.562740000000000000e+05 4.548630000000000000e+05 4.563520000000000000e+05
6.045640000000000000e+05 5.598380000000000000e+05 5.717940000000000000e+05
4.734760000000000000e+05 1.858900000000000000e+05 1.949640000000000000e+05
2.509600000000000000e+04 2.455800000000000000e+04 2.459500000000000000e+04
1.804090000000000000e+05 1.397900000000000000e+05 1.482840000000000000e+05
0.000000000000000000e+00 0.000000000000000000e+00 1.000000000000000000e+00
