2.587000000000000000e+03 0.000000000000000000e+00 0.000000000000000000e+00
5.784000000000000000e+03 0.000000000000000000e+00 0.000000000000000000e+00
6.690000000000000000e+02 0.000000000000000000e+00 0.000000000000000000e+00
5.000000000000000000e+00 0.000000000000000000e+00 0.000000000000000000e+00
3.760000000000000000e+02 0.000000000000000000e+00 0.000000000000000000e+00
0.000000000000000000e+00 0.000000000000000000e+00 0.000000000000000000e+00
1.900000000000000000e+01 0.000000000000000000e+00 0.000000000000000000e+00
1.045500000000000000e+04 0.000000000000000000e+00 0.000000000000000000e+00
0.000000000000000000e+00 0.000000000000000000e+00 0.000000000000000000e+00
4.561760000000000000e+05 4.385190000000000000e+05 4.503630000000000000e+05
1.190000000000000000e+02 8.900000000000000000e+01 2.413500000000000000e+04
0.000000000000000000e+00 0.000000000000000000e+00 4.970000000000000000e+02
0.000000000000000000e+00 0.000000000000000000e+00 3.110000000000000000e+02
4.143300000000000000e+04 3.185400000000000000e+04 3.899900000000000000e+04
1.501000000000000000e+03 9.420000000000000000e+02 1.984000000000000000e+03
5.130000000000000000e+03 2.591000000000000000e+03 4.143000000000000000e+03
5.530000000000000000e+02 4.860000000000000000e+02 8.130000000000000000e+02
4.400000000000000000e+01 0.000000000000000000e+00 1.536000000000000000e+03
1.000000000000000000e+00 0.000000000000000000e+00 0.000000000000000000e+00
0.000000000000000000e+00 0.000000000000000000e+00 0.000000000000000000e+00
1.737800000000000000e+04 0.000000000000000000e+00 0.000000000000000000e+00
2.187680000000000000e+05 2.037960000000000000e+05 2.382170000000000000e+05
